 
uint8_t Level_15[] = {

 22, 16,   // Map Size
 19, 8, 4,   // Player Pos
 0, 0, 4,   // Player 2 Pos
 0, 0, 0,   // Player 3 Pos
 0, 0,    // X, Y Offset
 1, 1,    // Allow X, Y Scrolling

// --------------------------------------------------------------------------------------
//  Map
//  
//     1    2    3    4    5    6    7    8    9   10   11   12   13   14   15   16   17   18   19   20   21

 50,  50,  50,  50,  50,  50,  50,  50,  50,  50,  50,  50,  50,  50,  50,  50,  50,  50,  50,  50,  50,  50,  // 0    
 50,  50,  50,  50,  50,  50,  50,  50,  50,  50,  50,  50,  50,  50,  50,  50,  50,  50,  50,  50,  50,  50,  // 1    
  5,   5,   5,   5,   5,   5,   5,   5,   5,   4,   4,   4,   4,   5,   5,   5,   5,   5,   5,   5,   5,   5,  // 2   
  5,   5,   5,   5,   5,   5,   5,   5,   8,  10,  10,  10,  10,   3,   5,   5,   5,   5,   5,   5,   5,   5,  // 3   
  5,   5,   5,   5,   5,   5,   5,   6,  10,   0,   0,   0,   0,   3,   5,   5,   5,   5,   5,   5,   5,   5,  // 4   
  5,   5,   5,   5,   5,   5,   5,   6,   0,   0,   0,  16,   0,   7,   4,   4,   4,   4,   4,   5,   5,   5,  // 4   
  5,   5,   4,   4,   4,   4,   4,   8,   0,   0,   0,   9,   0,  10,  10,  10,  10,  10,  10,   7,   4,   5,  // 5   
  5,   6,  10,  10,  10,  10,  15,  14,   0,   0,   7,   8,   0,   0,   0,   0,   0,   0,   0,  10,  10,   3,  // 6   
  5,   6,   0,   0,   0,   2,   9,   9,  16,   0,  10,  10,   0,   0,   0,   0,   0,   0,   0,   0,   0,   3,  // 7   
  5,   6,   0,   0,   0,  10,   9,   9,  10,   0,   7,   8,   0,   0,   0,   0,   0,   0,   0,   0,   0,   3,  // 8   
  5,   5,   5,   5,   5,   5,   5,   6,   0,   0,  10,  18,   0,   0,   0,   0,   0,   0,   0,   3,   5,   5,  // 9   
  5,   5,   5,   5,   5,   5,   5,   6,   0,   0,   0,  10,   0,   3,   5,   5,   5,   5,   5,   5,   5,   5,  // 10
  5,   5,   5,   5,   5,   5,   5,   6,   0,   0,   0,   0,   0,   3,   5,   5,   5,   5,   5,   5,   5,   5,  // 12  
  5,   5,   5,   5,   5,   5,   5,   5,   6,   0,   0,   0,   0,   3,   5,   5,   5,   5,   5,   5,   5,   5,  // 12  
  5,   5,   5,   5,   5,   5,   5,   5,   5,   5,   5,   5,   5,   5,   5,   5,   5,   5,   5,   5,   5,   5,  // 13  
  5,   5,   5,   5,   5,   5,   5,   5,   5,   5,   5,   5,   5,   5,   5,   5,   5,   5,   5,   5,   5,   5,  // 14  


// Items


7, 10,  8, 0, 0, 0,    // 1x1 Block
9, 12,  7, 0, 0, 0,    // 1x3 Block
16, 13,  8, 0, 0, 0,    // 1x3 Block
8, 16,  8, 0, 0, 0,    // 1x2 Block
10, 9,  5, 0, 0, 0,    // 1x4 Block
10, 9,  9, 0, 0, 0,    // 1x4 Block

6, 3,  8, 0, 0, 0,    // Stairs
0,                // End

};

