 
uint8_t Level_11[] = {

 19, 19,   // Map Size
 3, 2, 4,   // Player Pos
 0, 0, 4,   // Player 2 Pos
 0, 0, 0,   // Player 3 Pos
 0, 0,    // X, Y Offset
 1, 1,    // Allow X, Y Scrolling

// --------------------------------------------------------------------------------------
//  Map
//  
//     1    2    3    4    5    6    7    8    9   10   11   12   13   14   15   16   17   18   

 50,  50,  50,  50,  50,  50,  50,  50,  50,  50,  50,  50,  50,  50,  50,  50,  50,  50,  50,   // 0    
  5,   5,   4,   4,   4,   4,   5,   4,   4,   4,   4,   4,   4,   4,   4,   4,   4,   5,   5,   // 1   
  5,   6,  10,  10,  10,  10,   1,  10,  10,  10,  10,  10,  10,  10,  10,  10,  10,   3,   5,   // 2   
  5,   6,   0,   0,   0,   0,   1,   0,   0,   0,   0,   7,   4,   5,   5,   6,   0,   3,   5,   // 3   
  5,   5,   4,   4,   8,   0,   1,   0,   0,   0,   0,  10,  10,   7,   4,   6,   0,   3,   5,   // 4   
  5,   6,  10,  10,  10,   0,   1,   0,   0,   0,   0,   0,   0,  10,  10,   1,   0,   3,   5,   // 5   
  5,   6,   0,   0,   0,   0,   3,   5,   5,   5,   6,  16,   0,   0,   7,   6,   0,   3,   5,   // 6   
  5,   6,   0,   0,   0,   0,  10,  10,  10,  10,  10,  10,   0,   0,  10,   1,   0,   3,   5,   // 7
  5,   6,   0,   0,   0,   0,   0,   0,   1,   0,   1,   0,   0,   0,   0,   1,   0,   3,   5,   // 8
  5,   6,   0,   0,   0,   0,   0,   0,  10,   0,   1,   0,   0,   0,   0,  10,   0,   3,   5,   // 9
  5,   6,   0,   0,  16,   0,   1,  11,  12,   0,  10,   0,   0,   0,   0,   1,   0,   3,   5,   // 10
  5,   6,   0,   0,  10,   0,   1,   9,   9,  12,   0,   0,   1,  16,   0,   1,   0,   3,   5,   // 11
  5,   5,   5,   5,   5,   5,   6,   9,   9,   9,  12,   0,   1,   9,   0,   1,   0,   3,   5,   // 12
  5,   6,  10,  10,  10,  10,   1,   9,   9,  10,   9,   0,  10,  10,   0,   1,   0,   3,   5,   // 13
  5,   6,   0,   0,   0,   0,   1,   9,   9,  12,  10,   1,   0,   0,   0,   1,   0,   3,   5,   // 14
  5,   6,   0,   0,   0,   0,   1,   9,   9,   9,  12,   1,   0,   0,   0,   1,   0,   3,   5,   // 16
  5,   6,   0,   0,   0,   0,   2,   9,   9,   9,   9,   1,   0,   0,   0,   1,   0,   3,   5,   // 17
  5,   6,   0,   0,   0,   0,  10,   0,   9,   9,   9,   1,   0,   0,   0,  10,   0,   3,   5,   // 18
  5,   5,   5,   5,   5,   5,   5,   5,   5,   5,   5,   5,   5,   5,   5,   5,   5,   5,   5,   // 19

// Items

3, 9, 4, 2, 15, 0,    // 3 Rotator
7, 8,  4, 0, 0, 0,    // 1x1 Block
7, 12, 2, 0, 0, 0,    // 1x1 Block
16, 3,  6, 0, 0, 0,    // 3x1 Block
8, 4,  8, 0, 0, 0,    // 2x1 Block
9, 3,  8, 0, 0, 0,    // 3x1 Block
16, 12,  8, 0, 0, 0,    // 3x1 Block
10, 13, 13, 0, 0, 0,    // 1x4 Block

6, 3, 16, 0, 0, 0,    // Stairs
0,                // End

};

