 
uint8_t Level_04[] = {

 18, 13,   // Map Size
 14, 5, 6,   // Player Pos
 0, 0, 0,   // Player 2 Pos
 0, 0, 0,    // Player 3 Pos
 0, 4,    // X, Y Offset
 1, 0,    // Allow X, Y Scrolling

// --------------------------------------------------------------------------------------
//  Map
//  
//     1    2    3    4    5    6    7    8    9   10   11   12   13   14   15   16   17

 50,  50,  50,  50,  50,  50,  50,  50,  50,  50,  50,  50,  50,  50,  50,  50,  50,  50,   // 0   
 50,  50,  50,  50,  50,  50,  50,  50,  50,  50,  50,  50,  50,  50,  50,  50,  50,  50,   // 1   
  5,   5,   5,   5,   5,   5,   4,   4,   4,   4,   4,   4,  51,  51,  51,  51,  51,  51,   // 2   
  5,   5,   4,   4,   4,   6,  10,  10,  10,  10,  10,  10,   3,   4,   4,   4,   5,   5,   // 3
  5,   6,  10,  10,  10,   2,   0,   0,   0,   0,   0,   0,   2,  10,  10,  10,   3,   5,   // 4
  5,   6,   0,   0,   0,  13,   0,   0,   0,   0,   0,   0,  10,   0,   0,   0,   3,   5,   // 5
  5,   6,   0,   0,   0,   1,   0,   0,   0,   0,   0,   0,   1,   0,   0,   0,   3,   5,   // 6
  5,   5,   5,   5,   5,   6,   0,   0,   0,   0,   0,   0,   3,  51,  51,  51,  51,  51,   // 7
 50,  50,  50,  50,  50,  50,  50,  50,  50,  50,  50,  50,  50,  50,  50,  50,  50,  50,   // 8   
 50,  50,  50,  50,  50,  50,  50,  50,  50,  50,  50,  50,  50,  50,  50,  50,  50,  50,   // 9   
 50,  50,  50,  50,  50,  50,  50,  50,  50,  50,  50,  50,  50,  50,  50,  50,  50,  50,   // 10 
 50,  50,  50,  50,  50,  50,  50,  50,  50,  50,  50,  50,  50,  50,  50,  50,  50,  50,   // 11  
 50,  50,  50,  50,  50,  50,  50,  50,  50,  50,  50,  50,  50,  50,  50,  50,  50,  50,   // 12  

// Items

5, 8, 5, 0, 15, 0,   // 5 Rotator             1N, 2E, 4S, 8W
7, 9, 5, 0, 0, 0,   // Block 1 x 1
6, 3, 5, 0, 0, 0,   // Stairs
0,                // End

};
