 
uint8_t Level_06[] = {

 19, 13,   // Map Size
 13, 3, 6,   // Player Pos
 0, 0, 0,   // Player 2 Pos
 0, 0, 0,    // Player 3 Pos
 0, 0,    // X, Y Offset
 1, 1,    // Allow X, Y Scrolling

// --------------------------------------------------------------------------------------
//  Map
//  
//     1    2    3    4    5    6    7    8    9   10   11   12   13   14   15   16   17   18

 50,  50,  50,  50,  50,  50,  50,  50,  50,  50,  50,  50,  50,  50,  50,  50,  50,  50,  50,  // 0    
  5,   5,   5,   5,   5,   5,   4,   4,   4,   4,   4,  51,  51,  51,  51,  51,  51,  51,  51,  // 1   
  5,   5,   4,   4,   4,   8,  10,  10,  10,  10,  10,   7,   4,   4,   4,  51,  51,  51,  51,  // 2
  5,   6,  10,  10,  10,  10,   0,   0,   0,   0,   0,  10,  10,  10,  10,   3,  51,  51,  51,  // 3
  5,   6,   0,   0,   0,   0,   0,   0,   0,   0,   0,   0,   0,   0,   0,   3,  51,  51,  51,  // 4
  5,   6,   0,   0,   0,   0,   0,   0,   0,   0,   0,   0,   0,   0,   0,   3,  51,  51,  51,  // 5
  5,   6,   0,   0,   0,   0,   0,   0,   0,   0,   0,   0,   0,   0,   0,   3,  51,  51,  51,  // 6
  5,   6,   0,   0,   0,   0,   0,   0,   0,   0,   0,   0,   0,   0,   0,   3,  51,  51,  51,  // 7
  5,   5,   5,   5,   5,   6,   0,   0,   0,   0,   0,   3,  51,  51,  51,  51,  51,  51,  51,  // 8   
 50,  50,  50,  50,  50,  50,  50,  50,  50,  50,  50,  50,  50,  50,  50,  50,  50,  50,  50,  // 9    
 50,  50,  50,  50,  50,  50,  50,  50,  50,  50,  50,  50,  50,  50,  50,  50,  50,  50,  50,  // 10    
 50,  50,  50,  50,  50,  50,  50,  50,  50,  50,  50,  50,  50,  50,  50,  50,  50,  50,  50,  // 11   
 50,  50,  50,  50,  50,  50,  50,  50,  50,  50,  50,  50,  50,  50,  50,  50,  50,  50,  50,  // 12   

// Items

4, 6, 5, 0, 15, 0,    // 5 Rotator             1N, 2E, 4S, 8W
5, 7, 3, 0, 15, 0,    // 5 Rotator             1N, 2E, 4S, 8W
5, 7, 7, 0, 15, 0,    // 5 Rotator             1N, 2E, 4S, 8W
1, 9, 3, 6, 15, 0,    // 1 Rotator             1N, 2E, 4S, 8W
1, 9, 5, 6, 15, 0,    // 1 Rotator             1N, 2E, 4S, 8W
1, 9, 7, 6, 15, 0,    // 1 Rotator             1N, 2E, 4S, 8W
6, 3, 5, 0, 0, 0,    // Stairs
0,                // End

};

