 
uint8_t Level_18[] = {

 18, 20,   // Map Size
 10, 18, 4,   // Player Pos
 14, 12, 4,   // Player 2 Pos
 4, 18, 0,   // Player 3 Pos
 0, 0,    // X, Y Offset
 1, 1,    // Allow X, Y Scrolling

// --------------------------------------------------------------------------------------
//  Map
//  
//     1    2    3    4    5    6    7    8    9   10   11   12   13   14   15   16   17      

 50,  50,  50,  50,  50,  50,  50,  50,  50,  50,  50,  50,  50,  50,  50,  50,  50,  50,   // 0    
 50,  50,  50,  50,  50,  50,  50,  50,  50,  50,  50,  50,  50,  50,  50,  50,  50,  50,   // 1    
  5,   5,   4,   4,   4,   4,  50,  50,  50,  50,  50,  50,  50,  50,  50,  50,  50,  50,   // 2   
  5,   6,  10,  10,  10,  10,   3,  50,  50,  50,  50,  50,  50,  50,  50,  50,  50,  50,   // 3   
  5,   6,   0,   0,   0,   0,   3,   5,   4,   4,   4,  50,  50,  50,  50,  50,  50,  50,   // 4   
  5,   5,   5,   8,   0,   0,   3,   8,  10,  10,  10,   7,  50,  50,  50,  50,  50,  50,   // 5   
  5,   5,   8,  10,   0,   3,   8,  10,   0,   0,   0,  10,   7,  51,  51,  51,  51,  51,   // 6   
  5,   6,  15,  12,   7,   8,  10,   0,   0,   0,   0,   0,  10,   7,  51,  51,  51,  51,   // 7   
  5,   6,  10,  10,  18,  10,   0,   0,   0,   0,   0,   0,   0,  10,   3,  51,  51,  51,  // 8   
  5,   5,   6,   0,  10,   0,   0,   0,   0,   0,   0,   0,   0,   0,   7,  51,  51,  51,   // 9   
  5,   5,   5,   6,   0,   0,   0,   0,   0,   0,   0,   0,   0,   0,  10,   3,  51,  51,   // 10   
  5,   5,   5,   5,   6,   0,   0,   0,   0,   0,   0,   0,   0,   1,   0,   3,  51,  51,   // 11   
  5,   5,   5,   5,   6,   0,   0,   1,   0,   0,   0,   0,   3,   6,   0,   3,  51,  51,   // 12   
  5,   5,   5,   5,   6,   0,   0,   3,   5,   6,   0,   0,   3,  51,  51,  51,  51,  51,   // 13  
  5,   5,   5,   5,   5,   6,   0,   3,   5,   6,   0,   0,   7,  51,  51,  51,  51,  51,   // 14  
  5,   5,   5,   5,   5,   8,   0,   3,   5,   5,   6,   0,  10,   3,  51,  51,  51,  51,   // 15  
  5,   5,   5,   5,   6,  10,   0,   3,   5,   5,   5,   6,   0,   3,  51,  51,  51,  51,   // 16  
  5,   5,   5,   5,   6,   0,   3,   5,   5,   5,   5,   6,   0,   3,  51,  51,  51,  51,   // 17  
  5,   5,   5,   6,  10,   0,   3,   5,   5,   6,  10,  10,   0,   3,  51,  51,  51,  51,   // 18  
 50,  50,  50,  50,  50,  50,  50,  50,  50,  50,  50,  50,  50,  50,  50,  50,  50,  50,   // 19  
 


// Items

2, 11, 7, 4, 15, 0,   // 2 Rotator            1N, 2E, 4S, 8W
2, 7, 10, 2, 15, 0,   // 2 Rotator            1N, 2E, 4S, 8W

13, 2, 8, 0, 0, 0,    // 2x1 Block
7, 4, 9, 0, 0, 0,    // 1x1 Block
15, 5, 8, 0, 0, 0,    // 2x3 Block
7, 6, 11, 0, 0, 0,    // 1x1 Block
7, 6, 14, 0, 0, 0,    // 1x1 Block
16, 7, 7, 0, 0, 0,    // 3x1 Block
8,  9, 5, 0, 0, 0,    // 1x2 Block
13, 8, 8, 0, 0, 0,    // 2x1 Block
13, 9, 9, 0, 0, 0,    // 2x1 Block
13, 11, 9, 0, 0, 0,    // 2x1 Block
7, 10, 10, 0, 0, 0,    // 1x1 Block
13, 9, 11, 0, 0, 0,    // 2x1 Block
8, 11, 12, 0, 0, 0,    // 1x2 Block
7, 10, 13, 0, 0, 0,    // 1x1 Block

6, 4, 3, 0, 0, 0,    // Stairs

0,                // End

};

