 
uint8_t Level_10[] = {

 21, 17,   // Map Size
 9, 5, 4,   // Player Pos
 0, 0, 4,   // Player 2 Pos
 0, 0, 0,    // Player 3 Pos
 0, 0,    // X, Y Offset
 1, 1,    // Allow X, Y Scrolling

// --------------------------------------------------------------------------------------
//  Map
//  
//     1    2    3    4    5    6    7    8    9   10   11   12   13   14   15   16   17   18   19   20

 50,  50,  50,  50,  50,  50,  50,  50,  50,  50,  50,  50,  50,  50,  50,  50,  50,  50,  50,  50,  50,    // 0    
  5,   5,   5,   5,   5,   5,   5,   5,   4,   4,   4,  50,  50,  50,  50,  50,  50,  50,  50,  50,  50,    // 1   
  5,   5,   5,   5,   5,   5,   5,   6,  10,  10,  10,   3,  50,  50,  50,  50,  50,  50,  50,  50,  50,    // 2   
  5,   5,   5,   5,   5,   5,   6,  10,   0,   0,   0,  10,   3,  50,  50,  50,  50,  50,  50,  50,  50,    // 3   
  5,   5,   5,   5,   5,   5,   6,   0,   0,   0,   0,   0,   3,  50,  50,  50,  50,  50,  50,  50,  50,    // 4   
  5,   5,   5,   5,   5,   6,  10,   0,   0,   0,   0,   0,  10,   3,  51,  51,  51,  51,  51,  51,  51,    // 5   
  5,   5,   5,   5,   5,   6,   0,   0,   0,   0,   0,   0,   0,   3,  51,  51,  51,  51,  51,  51,  51,    // 6   
  5,   5,   5,   5,   6,  10,   0,   0,   0,   0,   0,   0,   0,  10,   3,  51,  51,  51,  51,  51,  51,    // 7
  5,   5,   5,   5,   6,   0,   0,   0,   0,   1,   0,   0,   0,   0,   3,  51,  51,  51,  51,  51,  51,    // 8
  5,   5,   5,   5,   6,   0,   0,   0,   0,  10,   0,   0,   0,   0,   3,  51,  51,  51,  51,  51,  51,    // 9
  5,   5,   5,   5,   6,   0,   0,   0,   0,   0,   0,   0,   0,   0,   3,  51,  51,  51,  51,  51,  51,    // 10
  5,   5,   5,   5,   5,   5,   5,   5,   6,   0,   3,  50,  50,  50,  50,  50,  50,  50,  50,  50,  50,    // 11
  5,   5,   5,   5,   5,   5,   6,  10,  10,   0,  10,  10,   3,  50,  50,  50,  50,  50,  50,  50,  50,    // 12
  5,   5,   5,   5,   5,   5,   5,   6,   0,   0,   0,   3,  50,  50,  50,  50,  50,  50,  50,  50,  50,    // 13
  5,   5,   5,   5,   5,   5,   5,   6,   0,   0,   0,   3,  50,  50,  50,  50,  50,  50,  50,  50,  50,    // 14
 50,  50,  50,  50,  50,  50,  50,  50,  50,  50,  50,  50,  50,  50,  50,  50,  50,  50,  50,  50,  50,    // 15    
 50,  50,  50,  50,  50,  50,  50,  50,  50,  50,  50,  50,  50,  50,  50,  50,  50,  50,  50,  50,  50,    // 16    

// Items



2, 8, 4, 2, 15, 0,    // 3 Rotator             1N, 2E, 4S, 8W
2, 10, 6, 6, 15, 0,    // 3 Rotator             1N, 2E, 4S, 8W
2, 7, 7, 4, 15, 0,    // 3 Rotator             1N, 2E, 4S, 8W
2, 11, 7, 2, 15, 0,    // 3 Rotator             1N, 2E, 4S, 8W
3, 6, 9, 4, 15, 0,    // 3 Rotator             1N, 2E, 4S, 8W
3, 12, 9, 4, 15, 0,    // 3 Rotator             1N, 2E, 4S, 8W
16, 8, 10, 0, 0, 0,    // 3x1 Block

6, 9, 13, 0, 0, 0,    // Stairs
0,                // End

};

