 
uint8_t Level_16[] = {

 18, 19,   // Map Size
 6, 10, 6,   // Player Pos
 0, 0, 4,   // Player 2 Pos
 0, 0, 0,   // Player 3 Pos
 0, 0,    // X, Y Offset
 1, 1,    // Allow X, Y Scrolling

// --------------------------------------------------------------------------------------
//  Map
//  
//     1    2    3    4    5    6    7    8    9   10   11   12   13   14   15   16   17   

 50,  50,  50,  50,  50,  50,  50,  50,  50,  50,  50,  50,  50,  50,  50,  50,  50,  50,  // 0    
 50,  50,  50,  50,  50,  50,  50,  50,  50,  50,  50,  50,  50,  50,  50,  50,  50,  50,  // 1    
  5,   5,   5,   4,   4,   4,   4,   4,   5,   5,   4,   4,   4,   4,   4,   5,   5,   5,  // 2   
  5,   5,   6,  10,  10,  10,  10,  10,   3,   8,  10,  10,  10,  10,  10,   3,   5,   5,  // 3   
  5,   5,   6,   0,   0,   0,   0,   0,   1,  10,   0,   0,   0,   0,   0,   3,   5,   5,  // 4   
  5,   5,   6,   0,   0,   0,   0,   0,   2,   0,   0,   0,   0,   0,   0,   3,   5,   5,  // 5   
  5,   5,   5,   8,   0,   0,   0,   0,  10,   0,   0,   7,   8,   0,   0,   3,   5,   5,  // 6   
  5,   5,   6,  10,   0,   0,   0,   0,   1,   0,   0,  10,  10,   0,   0,   3,   5,   5,  // 7   
  5,   5,   6,   0,   0,   0,   0,   0,   1,   0,   0,   0,   0,   0,  16,   3,   5,   5,  // 8   
  5,   5,   6,   0,   0,   0,   0,   7,   5,   4,   4,   8,   0,   0,   9,   3,   5,   5,  // 9   
  5,   5,   6,   0,   0,   0,   0,  10,   1,  10,  15,  14,   0,   0,  10,   3,   5,   5,  // 10   
  5,   5,   6,   0,   0,   0,   0,   7,   5,   4,   8,  10,   0,   0,   0,   3,   5,   5,  // 11   
  5,   5,   6,   0,   0,   0,   0,  10,   1,  10,  10,   0,   0,   0,   0,   3,   5,   5,  // 12   
  5,   5,   6,   0,   0,   0,   0,   0,   2,   0,   0,   0,   0,   0,   0,   3,   5,   5,  // 13   
  5,   5,   6,   0,   0,   0,   0,   0,  10,   0,   0,   0,   2,   0,   0,   3,   5,   5,  // 14   
  5,   5,   5,   8,   0,   0,   0,   0,   1,   0,   0,   0,  10,   0,   0,   3,   5,   5,  // 15   
  5,   5,   6,  10,   0,   0,   0,   0,   1,   0,   0,   0,   0,   0,   0,   3,   5,   5,  // 16   
  5,   5,   6,   0,   0,  16,   0,   0,   3,   6,   0,   0,   0,   0,   0,   3,   5,   5,  // 17   
  5,   5,   5,   5,   5,   5,   5,   5,   5,   5,   5,   5,   5,   5,   5,   5,   5,   5,  // 18   


// Items

3, 6, 4, 0, 15, 0,   // 3 Rotator            1N, 2E, 4S, 8W
3, 5, 7, 2, 15, 0,   // 3 Rotator            1N, 2E, 4S, 8W
3, 5, 13, 2, 15, 0,   // 3 Rotator            1N, 2E, 4S, 8W
3, 6, 16, 4, 15, 0,   // 3 Rotator            1N, 2E, 4S, 8W
2, 11, 3, 4, 15, 0,   // 2 Rotator            1N, 2E, 4S, 8W
2, 13, 3, 4, 15, 0,   // 2 Rotator            1N, 2E, 4S, 8W
2, 13, 9, 6, 15, 0,   // 2 Rotator            1N, 2E, 4S, 8W
2, 11, 17, 6, 15, 0,   // 2 Rotator            1N, 2E, 4S, 8W
2, 13, 17, 6, 15, 0,   // 2 Rotator            1N, 2E, 4S, 8W

9, 7, 5, 0, 0, 0,    // 1x3 Block
9, 9, 5, 0, 0, 0,    // 1x3 Block
7, 14, 6, 0, 0, 0,    // 1x1 Block
9, 7, 13, 0, 0, 0,    // 1x3 Block
9, 9, 13, 0, 0, 0,    // 1x3 Block
7, 11, 14, 0, 0, 0,    // 1x1 Block
7, 14, 14, 0, 0, 0,    // 1x1 Block
13, 4, 10, 0, 0, 0,    // 2x1 Block

6, 9, 10, 0, 0, 0,    // Stairs
0,                // End

};

