 
uint8_t Level_03[] = {

 20, 11,   // Map Size
 16, 5, 6,    // Player Pos
 0, 0, 0,   // Player 2 Pos
 0, 0, 0,    // Player 3 Pos
 0, 4,    // X, Y Offset
 1, 0,    // Allow X, Y Scrolling

// --------------------------------------------------------------------------------------
//  Map
//  
//     1    2    3    4    5    6    7    8    9   10   11   12   13   14   15   16   17   18   19

 50,  50,  50,  50,  50,  50,  50,  50,  50,  50,  50,  50,  50,  50,  50,  50,  50,  50,  50,  50,  // 0   
 50,  50,  50,  50,  50,  50,  50,  50,  50,  50,  50,  50,  50,  50,  50,  50,  50,  50,  50,  50,  // 1   
  5,   5,   5,   5,   5,   5,   4,   4,   4,   4,   4,   4,   4,   4,  51,  51,  51,  51,  51,  51,  // 2   
  5,   5,   4,   4,   4,   6,  15,  13,  14,  10,  10,  10,  10,  10,   3,   4,   4,   4,   5,   5,  // 3
  5,   6,  10,  10,  10,   2,   9,   9,   9,  12,   0,   0,   0,   0,   2,  10,  10,  10,   3,   5,  // 4
  5,   6,   0,   0,   0,  10,  10,   9,   9,   9,   0,   0,   0,   0,  10,   0,   0,   0,   3,   5,  // 5
  5,   6,   0,   0,   0,   1,  11,   9,   9,   9,   0,   0,   0,   0,   1,   0,   0,   0,   3,   5,  // 6
  5,   5,   5,   5,   5,   6,   9,   9,   9,  10,   0,   0,   0,   0,   3,  51,  51,  51,  51,  51,  // 7
 50,  50,  50,  50,  50,  50,  50,  50,  50,  50,  50,  50,  50,  50,  50,  50,  50,  50,  50,  50,  // 8   
 50,  50,  50,  50,  50,  50,  50,  50,  50,  50,  50,  50,  50,  50,  50,  50,  50,  50,  50,  50,  // 9   
 50,  50,  50,  50,  50,  50,  50,  50,  50,  50,  50,  50,  50,  50,  50,  50,  50,  50,  50,  50,  // 10 


// Items

15, 11, 4, 0, 0, 0,    // Block 2 x 3
6, 3, 5, 0, 0, 0,    // Stairs
0,                // End

};
