 
uint8_t Level_09[] = {

 21, 11,   // Map Size
 15, 6, 6,   // Player Pos
 15, 3, 6,   // Player 2 Pos
 0, 0, 0,    // Player 3 Pos
 0, 0,    // X, Y Offset
 1, 1,    // Allow X, Y Scrolling

// --------------------------------------------------------------------------------------
//  Map
//  
//     1    2    3    4    5    6    7    8    9   10   11   12   13   14   15   16   17   18   19   20

 50,  50,  50,  50,  50,  50,  50,  50,  50,  50,  50,  50,  50,  50,  50,  50,  50,  50,  50,  50,  50,    // 0    
  5,   5,   4,   4,   4,   4,   4,   4,   4,   4,   4,   4,   4,   4,   4,   4,   4,   4,   4,   5,   5,    // 1   
  5,   6,  10,  10,  10,  10,  10,  10,  10,  10,  10,  10,  10,  10,  10,  10,  10,  10,  10,   3,   5,    // 2
  5,   6,   0,   0,   0,   0,   0,   0,   0,   0,   0,   0,   0,   0,   0,   0,   0,   0,   0,   3,   5,    // 3
  5,   6,   0,   0,   0,   0,   0,   0,   0,   0,   0,   0,   0,   0,   0,   0,   0,   0,   0,   3,   5,    // 4
  5,   6,   0,   0,   0,   0,   0,   0,   0,   0,   0,   0,   0,   0,   0,   0,   0,   0,   0,   3,   5,    // 5
  5,   6,   0,   0,   0,   0,   0,   0,   0,   0,   0,   0,   0,   0,   0,   0,   0,   0,   0,   3,   5,    // 6
  5,   6,   0,   0,   0,   0,   0,   0,   0,   0,   0,   0,   0,   0,   0,   0,   0,   0,   0,   3,   5,    // 7
  5,  5,   5,   5,   5,   5,   50,  50,  50,  50,  50,  50,  50,  50,  50,  50,  50,  50,  50,  50,  50,    // 8    
 50,  50,  50,  50,  50,  50,  50,  50,  50,  50,  50,  50,  50,  50,  50,  50,  50,  50,  50,  50,  50,    // 9    
 50,  50,  50,  50,  50,  50,  50,  50,  50,  50,  50,  50,  50,  50,  50,  50,  50,  50,  50,  50,  50,    // 10    

// Items



2, 7, 3, 6, 15, 0,    // 3 Rotator             1N, 2E, 4S, 8W
2, 7, 6, 4, 15, 0,    // 3 Rotator             1N, 2E, 4S, 8W
2, 8, 4, 4, 15, 0,    // 3 Rotator             1N, 2E, 4S, 8W
2, 10, 5, 0, 15, 0,    // 3 Rotator             1N, 2E, 4S, 8W
2, 9, 3, 0, 15, 0,    // 3 Rotator             1N, 2E, 4S, 8W
2, 9, 6, 2, 15, 0,    // 3 Rotator             1N, 2E, 4S, 8W

6, 3, 6, 0, 0, 0,    // Stairs
0,                // End

};

