 
uint8_t Level_17[] = {

 21, 17,   // Map Size
 18, 14, 4,   // Player Pos
 0, 0, 4,   // Player 2 Pos
 0, 0, 0,   // Player 3 Pos
 0, 0,    // X, Y Offset
 1, 1,    // Allow X, Y Scrolling

// --------------------------------------------------------------------------------------
//  Map
//  
//     1    2    3    4    5    6    7    8    9   10   11   12   13   14   15   16   17   18   19   20   

 50,  50,  50,  50,  50,  50,  50,  50,  50,  50,  50,  50,  50,  50,  50,  50,  50,  50,  50,  50,  50,  // 0    
 50,  50,  50,  50,  50,  50,  50,  50,  50,  50,  50,  50,  50,  50,  50,  50,  50,  50,  50,  50,  50,  // 1    
  5,   5,   4,   4,   4,   4,   4,   4,   4,   4,   4,   4,   4,   4,   4,   4,   4,   4,   4,   4,   5,  // 2   
  5,   6,  10,  10,  10,  10,  10,  10,  10,  10,  10,  10,  10,  10,  10,  10,  10,  10,  10,  10,   3,  // 3   
  5,   6,   0,   0,   0,   3,   4,   4,   4,   8,   0,   3,   4,   4,   8,   0,   1,   0,   0,   0,   3,  // 4   
  5,   6,   0,   0,   0,   1,  10,  10,  15,  13,  14,   1,  18,  10,  10,   0,   1,   0,   0,   0,   3,  // 5   
  5,   6,   0,   0,   0,   1,   0,   0,   9,   9,   7,   8,   9,   0,   0,   0,   1,   0,   0,   0,   3,  // 6   
  5,   6,   0,   0,   0,   1,   0,   0,   9,   9,  15,  14,   9,   0,   0,   0,   1,   0,   0,   0,   3,  // 7   
  5,   6,   0,   0,   0,   1,   0,   0,   9,   9,   9,   9,   9,   0,   0,   0,   1,   0,   0,   0,   3,  // 8   
  5,   6,   0,   0,   0,   1,   0,   0,   9,   9,   9,   9,   9,   0,   0,   0,   1,   0,   0,   0,   3,  // 9   
  5,   6,   0,   0,   0,   1,   0,   0,   9,   1,   9,   9,   9,   1,   0,   7,   6,   0,   0,   0,   3,  // 10   
  5,   6,   0,   0,   0,   1,   0,   0,  10,   1,  10,  10,  10,   1,   0,  10,   1,   0,   0,   0,   3,  // 11   
  5,   6,   0,   0,   0,   1,   0,   0,   0,   1,   0,   0,   0,   2,   0,   0,   1,   0,   0,   0,   3,  // 12   
  5,   6,   0,   0,   0,   1,   0,   0,   0,   1,   0,   0,   0,  10,   0,   0,   1,   0,   0,   0,   3,  // 13  
  5,   6,   0,   0,   0,   1,   0,   0,   0,   1,   0,   0,   0,   0,   0,   0,   1,   0,   0,   0,   3,  // 14  
  5,   6,   0,   0,   0,   1,   0,   0,   0,   1,   0,   0,   0,   0,   0,   0,   1,   0,   0,   0,   3,  // 15  
  5,   5,   5,   5,   5,   5,   5,   5,   5,   5,   5,   5,   5,   5,   5,   5,   5,   5,   5,   5,   5,  // 16   
 


// Items

13, 6, 10, 0, 0, 0,    // 2x1 Block
7, 8, 13, 0, 0, 0,    // 1x1 Block
17, 11, 3, 0, 0, 0,    // 4x1 Block

8, 11, 11, 0, 0, 0,    // 1x2 Block
7, 11, 14, 0, 0, 0,    // 1x1 Block
7, 12, 11, 0, 0, 0,    // 1x1 Block
7, 12, 13, 0, 0, 0,    // 1x1 Block
7, 13, 14, 0, 0, 0,    // 1x1 Block

7, 14, 5, 0, 0, 0,    // 1x1 Block
9, 14, 6, 0, 0, 0,    // 1x3 Block
7, 14, 9, 0, 0, 0,    // 1x1 Block
7, 14, 10, 0, 0, 0,    // 1x1 Block
7, 14, 13, 0, 0, 0,    // 1x1 Block
8, 14, 14, 0, 0, 0,    // 1x1 Block
7, 15, 6, 0, 0, 0,    // 1x1 Block

6, 3, 14, 0, 0, 0,    // Stairs
0,                // End

};

