 
uint8_t Level_07[] = {

 19, 13,   // Map Size
 15, 7, 7,   // Player Pos
 0, 0, 0,   // Player 2 Pos
 0, 0, 0,    // Player 3 Pos
 0, 0,    // X, Y Offset
 1, 1,    // Allow X, Y Scrolling

// --------------------------------------------------------------------------------------
//  Map
//  
//     1    2    3    4    5    6    7    8    9   10   11   12   13   14   15   16   17   18   

 50,  50,  50,  50,  50,  50,  50,  50,  50,  50,  50,  50,  50,  50,  50,  50,  50,  50,  50,    // 0    
 50,  50,  50,  50,  50,  50,  50,  50,  50,  50,  50,  50,  50,  50,  50,  50,  50,  50,  50,    // 1    
  5,   5,   5,   5,   5,   4,   4,   4,   4,   4,   4,   4,   4,   4,  51,  51,  51,  51,  51,    // 2   
  5,   5,   5,   5,   6,  10,  10,  10,  10,  10,  10,  10,  10,  10,   3,  51,  51,  51,  51,    // 3
  5,   5,   5,   5,   6,   0,   0,   0,   0,   0,   0,   0,   0,   0,   3,  51,  51,  51,  51,    // 4
  5,   5,   4,   4,   8,   0,   0,   0,   0,   0,   0,   0,   0,   0,   7,   4,   4,   5,   5,    // 5
  5,   6,  10,  10,  10,   0,   0,   0,   0,   0,   0,   0,   0,   0,  10,  10,  10,   3,   5,    // 6
  5,   6,   0,   0,   0,   0,   0,   0,   0,   0,   0,   0,   0,   0,   0,   0,   0,   3,   5,    // 7
  5,   6,   0,   0,   0,   0,   0,   0,   0,   0,   0,   0,   0,   0,   0,   0,   0,   3,   5,    // 8
  5,   5,   5,   5,   6,   0,   0,   0,   0,   0,   0,   0,   0,   0,   3,  51,  51,  51,  51,    // 9
 50,  50,  50,  50,  50,  50,  50,  50,  50,  50,  50,  50,  50,  50,  50,  50,  50,  50,  50,    // 10    
 50,  50,  50,  50,  50,  50,  50,  50,  50,  50,  50,  50,  50,  50,  50,  50,  50,  50,  50,    // 11    
 50,  50,  50,  50,  50,  50,  50,  50,  50,  50,  50,  50,  50,  50,  50,  50,  50,  50,  50,    // 12    

// Items


10, 5, 5, 0, 0, 0,    // Block 1x5
11, 7, 5, 0, 0, 0,    // Block 1x6
8, 8, 5, 0, 0, 0,    // Block 1x2
10, 9, 3, 0, 0, 0,    // Block 1x4
8, 9, 7, 0, 0, 0,    // Block 1x2
8, 10, 5, 0, 0, 0,    // Block 1x2
11, 11, 5, 0, 0, 0,    // Block 1x6
10, 13, 5, 0, 0, 0,    // Block 1x5
6, 3, 7, 0, 0, 0,    // Stairs



//10, 5, 6, 0, 0, 0,    // Block 1x5
//11, 7, 6, 0, 0, 0,    // Block 1x6
//8, 8, 6, 0, 0, 0,    // Block 1x2
//10, 9, 4, 0, 0, 0,    // Block 1x4
//8, 9, 8, 0, 0, 0,    // Block 1x2
//8, 10, 6, 0, 0, 0,    // Block 1x2
//11, 11, 6, 0, 0, 0,    // Block 1x6
//10, 13, 6, 0, 0, 0,    // Block 1x5
//6, 3, 8, 0, 0, 0,    // Stairs


//10, 5, 4, 0, 0, 0,    // Block 1x5
//11, 7, 4, 0, 0, 0,    // Block 1x6
//8, 8, 4, 0, 0, 0,    // Block 1x2
//10, 9, 2, 0, 0, 0,    // Block 1x4
//8, 9, 6, 0, 0, 0,    // Block 1x2
//8, 10, 4, 0, 0, 0,    // Block 1x2
//11, 11, 4, 0, 0, 0,    // Block 1x6
//10, 13, 4, 0, 0, 0,    // Block 1x5
//6, 3, 6, 0, 0, 0,    // Stairs


0,                // End

};

