 
uint8_t Level_01[] = {

 20, 11,   // Map Size
 15, 5, 6,    // Player Pos
 0, 0, 0,   // Player 2 Pos
 0, 0, 0,    // Player 3 Pos
 0, 4,    // X, Y Offset
 1, 0,    // Allow X, Y Scrolling

// --------------------------------------------------------------------------------------
//  Map
//  
//     1    2    3    4    5    6    7    8    9   10   11   12   13   14   15   16   17   18   19

 50,  50,  50,  50,  50,  50,  50,  50,  50,  50,  50,  50,  50,  50,  50,  50,  50,  50,  50,  50,   // 0   
 50,  50,  50,  50,  50,  50,  50,  50,  50,  50,  50,  50,  50,  50,  50,  50,  50,  50,  50,  50,   // 1   
 50,  50,  50,  50,  50,  50,  50,  50,  50,  50,  50,  50,  50,  50,  50,  50,  50,  50,  50,  50,   // 2   
  5,   5,   5,   4,   4,   4,   5,   4,   4,   4,   4,   4,   4,   5,   4,   4,   4,   5,   5,   5,   // 3
  5,   5,   6,  10,  10,  10,   2,  10,  10,  10,  10,  10,  10,   2,  10,  10,  10,   3,   5,   5,   // 4
  5,   5,   6,   0,   0,   0,  10,   0,   0,   0,   0,   0,   0,  10,   0,   0,   0,   3,   5,   5,   // 5
  5,   5,   6,   0,   0,   0,   1,   0,   0,   0,   0,   0,   0,   1,   0,   0,   0,   3,   5,   5,   // 6
  5,   5,   5,   5,   5,   5,   5,  50,  50,  50,  50,  50,  50,  50,  50,  50,  50,  50,  50,  50,   // 7   
 50,  50,  50,  50,  50,  50,  50,  50,  50,  50,  50,  50,  50,  50,  50,  50,  50,  50,  50,  50,   // 8   
 50,  50,  50,  50,  50,  50,  50,  50,  50,  50,  50,  50,  50,  50,  50,  50,  50,  50,  50,  50,   // 9   
 50,  50,  50,  50,  50,  50,  50,  50,  50,  50,  50,  50,  50,  50,  50,  50,  50,  50,  50,  50,   // 10   

// Items

13, 9, 4, 0, 0, 0,    // Block 2 x 1
13, 9, 5, 0, 0, 0,    // Block 2 x 1
13, 9, 6, 0, 0, 0,    // Block 2 x 1
6, 4, 5, 0, 0, 0,    // Stairs
0,                // End

};
