 
uint8_t Level_13[] = {

 19, 19,   // Map Size
 9, 4, 4,   // Player Pos
 0, 0, 4,   // Player 2 Pos
 0, 0, 0,   // Player 3 Pos
 0, 0,    // X, Y Offset
 1, 1,    // Allow X, Y Scrolling

// --------------------------------------------------------------------------------------
//  Map
//  
//     1    2    3    4    5    6    7    8    9   10   11   12   13   14   15   16   17   18

 50,  50,  50,  50,  50,  50,  50,  50,  50,  50,  50,  50,  50,  50,  50,  50,  50,  50,  50,  // 0    
 50,  50,  50,  50,  50,  50,  50,  50,  50,  50,  50,  50,  50,  50,  50,  50,  50,  50,  50,  // 1    
  5,   5,   5,   5,   4,   4,   4,   5,   4,   4,   4,   4,   4,   4,   5,   4,   4,   4,   3,  // 2   
  5,   5,   5,   6,  10,  10,  10,   1,  10,  10,  10,  10,  10,  10,   1,  15,  13,  14,   3,  // 3   
  5,   5,   5,   6,   0,   0,   0,   1,   0,   0,   0,   0,   0,   0,   1,  10,  10,  10,   3,  // 4   
  5,   5,   5,   6,   0,   0,   0,  13,   0,   0,   0,   0,   0,   0,   1,   0,   0,   0,   3,  // 5   
  5,   5,   5,   5,   5,   5,   6,   9,   0,   0,   0,   0,   0,   0,   1,   0,   0,   0,   3,  // 6   
  5,   5,   5,   6,  10,  10,  10,   9,  12,   0,   0,  11,  17,  12,   2,  11,  17,  12,   3,  // 7   
  5,   5,   5,   6,   0,   0,   0,   9,   9,  12,   0,   9,   9,  10,  10,  10,  10,  10,   3,  // 8
  5,   5,   5,   6,   0,   0,   0,   9,   9,   9,   0,  10,  10,   0,   0,   0,   0,   0,   3,  // 9
  5,   5,   5,   6,   0,   0,   0,   9,   9,   9,   0,   0,   0,  11,  17,  12,   0,   0,   3,  // 10
  5,   5,   5,   6,   0,   0,   0,   1,  10,  10,   0,   0,   0,  10,   9,   9,   0,   0,   3,  // 11
  5,   5,   5,   6,   0,   0,   0,   1,   0,   0,   0,   0,   0,   0,   9,   9,   0,   0,   3,  // 12
  5,   5,   5,   5,   5,   5,   5,   6,  16,   0,   0,   0,   0,   0,   3,   5,   5,   5,   3,  // 13
  5,   5,   5,   6,  10,  10,  10,  10,   9,   0,   0,   0,  11,  12,  10,  10,  10,  10,   3,  // 14
  5,   5,   5,   6,   0,   0,   0,   0,   9,   3,   4,   8,   9,   9,   0,   0,   0,   0,   3,  // 15
  5,   5,   5,   6,   0,   0,   0,   0,  10,   1,  10,  15,   9,   0,   0,   0,   0,   0,   3,  // 16
  5,   5,   5,   5,   5,   5,  50,  50,  50,  50,  50,  50,  50,  50,  50,  50,  50,  50,  50,  // 17   
 50,  50,  50,  50,  50,  50,  50,  50,  50,  50,  50,  50,  50,  50,  50,  50,  50,  50,  50,  // 18   


// Items

13, 5,  4, 0, 0, 0,    // 2x1 Block
15, 5,  7, 0, 0, 0,    // 2x3 Block
16, 5,  15, 0, 0, 0,    // 3x1 Block
19, 11, 5, 0, 0, 0,    // 3x2 Block
14, 15, 5, 0, 0, 0,    // 2x2 Block
9, 16,  10, 0, 0, 0,    // 1x2 Block
8, 16,  14, 0, 0, 0,    // 1x3 Block
6, 10,  16, 0, 0, 0,    // Stairs

0,                // End

};

