 
uint8_t Level_14[] = {

 19, 15,   // Map Size
 3, 5, 4,   // Player Pos
 0, 0, 4,   // Player 2 Pos
 0, 0, 0,   // Player 3 Pos
 0, 0,    // X, Y Offset
 1, 1,    // Allow X, Y Scrolling

// --------------------------------------------------------------------------------------
//  Map
//  
//     1    2    3    4    5    6    7    8    9   10   11   12   13   14   15   16   17   18

 50,  50,  50,  50,  50,  50,  50,  50,  50,  50,  50,  50,  50,  50,  50,  50,  50,  50,  50,  // 0    
 50,  50,  50,  50,  50,  50,  50,  50,  50,  50,  50,  50,  50,  50,  50,  50,  50,  50,  50,  // 1    
  5,   5,   5,   5,   5,   5,   5,   4,   4,   4,   5,   5,   5,   4,   4,   4,   5,   5,   5,  // 2   
  5,   5,   4,   4,   4,   5,   6,  10,  10,  10,   7,   4,   8,  10,  10,  10,   7,   4,   5,  // 3   
  5,   6,  10,  10,  10,   7,   8,   0,   0,   0,  10,  10,  10,   0,   1,   0,  10,  10,   3,  // 4   
  5,   6,   0,   0,   0,  10,  10,   0,   0,   0,   2,   0,   0,   0,   2,   0,   0,   0,   3,  // 5   
  5,   6,   0,   0,   0,   3,   5,   5,   6,   0,  10,   0,   0,   0,  10,   0,   0,   0,   3,  // 6   
  5,   5,   5,   5,   5,   5,   5,   4,   8,   0,   1,   0,   7,   4,   4,   5,   6,   0,   3,  // 7   
  5,   5,   5,   5,   5,   5,   6,  10,  10,   0,   1,   0,  10,  10,  10,   7,   8,   0,   3,  // 8   
  5,   5,   5,   5,   5,   5,   6,   0,   0,   0,   2,   0,   0,   0,   0,  10,  10,   0,   3,  // 9   
  5,   5,   4,   4,   4,   5,   6,   0,   0,   0,  10,   0,   0,   0,   0,   0,   0,   3,   5,  // 10
  5,   6,  10,  10,  10,   7,   8,   0,   2,   0,   7,   5,   6,   0,   0,   0,   0,   3,   5,  // 11   
  5,   6,   0,   0,   0,  18,  10,   0,  10,   0,  10,   3,   5,   5,   5,   5,   5,   5,   5,  // 12  
  5,   6,   0,   0,   0,   3,   5,   6,   0,   0,   0,   3,   5,   5,   5,   5,   5,   5,   5,  // 13  
  5,   5,   5,   5,   5,   5,   5,   5,   5,   5,   5,   5,   5,   5,   5,   5,   5,   5,   3,  // 14  


// Items

3, 8, 4, 4, 15, 0,   // 3 Rotator            1N, 2E, 4S, 8W
2, 12, 5, 4, 15, 0,   // 2 Rotator            1N, 2E, 4S, 8W
2, 8, 9, 0, 15, 0,   // 2 Rotator            1N, 2E, 4S, 8W
3, 12, 9, 2, 15, 0,   // 3 Rotator            1N, 2E, 4S, 8W
4, 16, 5, 2, 15, 0,   // 4 Rotator            1N, 2E, 4S, 8W
4, 15, 10, 2, 15, 0,   // 4 Rotator            1N, 2E, 4S, 8W


7, 14,  6, 0, 0, 0,    // 1x1 Block

6, 3,  12, 0, 0, 0,    // Stairs
0,                // End

};

