 
uint8_t Level_08[] = {

 23, 11,   // Map Size
 16, 6, 6,   // Player Pos
 0, 0, 0,   // Player 2 Pos
 0, 0, 0,    // Player 3 Pos
 0, 0,    // X, Y Offset
 1, 1,    // Allow X, Y Scrolling

// --------------------------------------------------------------------------------------
//  Map
//  
//     1    2    3    4    5    6    7    8    9   10   11   12   13   14   15   16   17   18   19   20   21   22

 50,  50,  50,  50,  50,  50,  50,  50,  50,  50,  50,  50,  50,  50,  50,  50,  50,  50,  50,  50,  50,  50,  50,    // 0    
 50,  50,  50,  50,  50,  50,  50,  50,  50,  50,  50,  50,  50,  50,  50,  50,  50,  50,  50,  50,  50,  50,  50,    // 1    
  5,   5,   5,   4,   4,   4,   4,   4,   4,   5,   4,   4,   4,   5,   4,   4,   4,   4,   4,   4,   5,   5,   5,    // 2   
  5,   5,   6,  10,  10,  10,  10,  10,  10,   1,  10,  10,  10,   1,  10,  10,  10,  10,  10,  10,   3,   5,   5,    // 3
  5,   5,   6,   0,   0,   0,   0,   0,   0,   2,   0,   0,   0,   2,   0,   0,   0,   0,   0,   0,   3,   5,   5,    // 4
  5,   5,   6,   0,   0,   0,   0,   0,   0,  10,   0,   0,   0,  10,   0,   0,   0,   0,   0,   0,   3,   5,   5,    // 5
  5,   5,   6,   0,   0,   0,   0,   0,   0,   0,   0,   0,   0,   0,   0,   0,   0,   0,   0,   0,   3,   5,   5,    // 6
  5,   5,   6,   0,   0,   0,   0,   0,   0,   0,   0,   0,   0,   0,   0,   0,   0,   0,   0,   0,   3,   5,   5,    // 7
  5,   5,   6,   0,   0,   0,   0,   0,   0,   1,   0,   0,   0,   1,   0,   0,   0,   0,   0,   0,   3,   5,   5,    // 8
  5,   5,   6,   0,   0,   0,   0,   0,   0,   1,   0,   0,   0,   1,   0,   0,   0,   0,   0,   0,   3,   5,   5,    // 9
  5,   5,   5,   5,   5,   5,   5,   5,   5,   5,  50,  50,  50,  50,  50,  50,  50,  50,  50,  50,  50,  50,  50,    // 10    

// Items

5, 9, 6, 0, 15, 0,    // 5 Rotator             1N, 2E, 4S, 8W
2, 11, 5, 6, 15, 0,    // 2 Rotator             1N, 2E, 4S, 8W
2, 11, 7, 4, 15, 0,    // 2 Rotator             1N, 2E, 4S, 8W
7, 11, 3, 0, 0, 0,    // Block 1 x 1
7, 11, 9, 0, 0, 0,    // Block 1 x 1
7, 13, 5, 0, 0, 0,    // Block 1 x 1
7, 13, 6, 0, 0, 0,    // Block 1 x 1
7, 13, 7, 0, 0, 0,    // Block 1 x 1
6, 5, 6, 0, 0, 0,    // Stairs
0,                // End

};

