 
uint8_t Level_12[] = {

 18, 50,   // Map Size
 14, 7, 7,   // Player Pos
 0, 0, 4,   // Player 2 Pos
 0, 0, 0,   // Player 3 Pos
 0, 0,    // X, Y Offset
 1, 1,    // Allow X, Y Scrolling

// --------------------------------------------------------------------------------------
//  Map
//  
//     1    2    3    4    5    6    7    8    9   10   11   12   13   14   15   16   17

 50,  50,  50,  50,  50,  50,  50,  50,  50,  50,  50,  50,  50,  50,  50,  50,  50,  50,  // 0    
 50,  50,  50,  50,  50,  50,  50,  50,  50,  50,  50,  50,  50,  50,  50,  50,  50,  50,  // 1    
  5,   5,   5,   5,   4,   4,   5,   4,   4,   4,   4,   5,   4,   4,   4,   5,   5,   5,  // 2   
  5,   5,   5,   6,  10,  10,   1,  10,  15,  10,  14,   1,  10,  10,  10,   3,   5,   5,  // 3   
  5,   5,   5,   6,   0,   0,   1,   0,  10,   0,  10,   2,   0,   0,   0,   3,   5,   5,  // 4   
  5,   5,   5,   6,   0,   0,   1,   0,   0,   0,   0,  10,   1,   0,   0,   3,   5,   5,  // 5   
  5,   5,   5,   6,   0,   0,   1,   0,   0,   0,   0,   0,   2,   0,   0,   3,   5,   5,  // 6   
  5,   5,   5,   6,   0,   0,   2,  11,  12,   2,   0,   0,  10,   0,   0,   3,   5,   5,  // 7   
  5,   5,   5,   6,   0,   0,  10,   9,   9,  11,  12,   0,   0,   0,   0,   3,   5,   5,  // 8
  5,   5,   5,   6,   0,   0,   1,   9,   9,   2,  10,   0,   0,   0,   0,   3,   5,   5,  // 9
  5,   5,   5,   6,   0,   0,   1,  10,  10,  10,   0,   0,   1,   0,   0,   3,   5,   5,  // 10
  5,   5,   5,   6,   0,   0,   1,   0,   0,   0,   0,   0,   2,   0,   0,   3,   5,   5,  // 11
  5,   5,   5,   6,   0,   0,   1,   0,   0,   0,   0,   1,  10,   0,   0,   3,   5,   5,  // 12
  5,   5,   5,   6,   0,   0,   1,   0,  16,   0,  16,   1,   0,   0,   0,   3,   5,   5,  // 13
  5,   5,   5,   5,   5,   5,   5,   5,   5,   5,   5,   5,   5,   5,   5,   5,   5,   5,  // 14
 50,  50,  50,  50,  50,  50,  50,  50,  50,  50,  50,  50,  50,  50,  50,  50,  50,  50,  // 15   
 50,  50,  50,  50,  50,  50,  50,  50,  50,  50,  50,  50,  50,  50,  50,  50,  50,  50,  // 16   


// Items

7, 8,  5, 0, 0, 0,    // 1x1 Block
9, 9,  3, 0, 0, 0,    // 1x3 Block
9, 11,  7, 0, 0, 0,    // 1x3 Block
13, 12,  8, 0, 0, 0,    // 2x1 Block

9, 9, 11, 0, 0, 0,    // 1x3 Block
7, 8, 11, 0, 0, 0,    // 1x1 Block

6, 4,  8, 0, 0, 0,    // Stairs
0,                // End

};

