 
uint8_t Level_02[] = {

 18, 11,   // Map Size
 13, 3, 6,   // Player Pos
 0, 0, 0,   // Player 2 Pos
 0, 0, 0,    // Player 3 Pos
 0, 0,    // X, Y Offset
 0, 0,    // Allow X, Y Scrolling

// --------------------------------------------------------------------------------------
//  Map
//  
//     1    2    3    4    5    6    7    8    9   10   11   12   13   14   15   16   17

 50,  50,  50,  50,  50,  50,  50,  50,  50,  50,  50,  50,  50,  50,  50,  50,  50,  50,  // 0   
  5,   5,   5,   5,   5,   5,   5,   4,   4,   4,   4,   5,   4,   4,   4,   5,   5,   5,  // 1   
  5,   5,   5,   5,   5,   5,   6,  10,  10,  10,  10,   2,  10,  10,  10,   3,   5,   5,  // 2   
  5,   5,   5,   5,   5,   5,   6,   0,   0,   0,   0,  10,   0,   0,   0,   3,   5,   5,  // 3   
  5,   5,   5,   4,   4,   4,   6,   0,   0,   0,   0,   1,   0,   0,   0,   3,   5,   5,  // 4   
  5,   5,   6,  10,  10,  10,   2,   0,   0,   0,   0,   3,  51,  51,  51,  51,  51,  51,  // 5   
  5,   5,   6,   0,   0,   0,  10,   0,   0,   0,   0,   3,  51,  51,  51,  51,  51,  51,  // 6   
  5,   5,   6,   0,   0,   0,   1,   0,   0,   0,   0,   3,  51,  51,  51,  51,  51,  51,  // 7   
 50,  50,  50,  50,  50,  50,  50,  50,  50,  50,  50,  50,  50,  50,  50,  50,  50,  50,  // 8   
 50,  50,  50,  50,  50,  50,  50,  50,  50,  50,  50,  50,  50,  50,  50,  50,  50,  50,  // 9   
 50,  50,  50,  50,  50,  50,  50,  50,  50,  50,  50,  50,  50,  50,  50,  50,  50,  50,  // 10   

// Items

2, 7, 5, 0, 3, 0,       // 3 Rotator             1N, 2E, 4S, 8W
14, 9, 4, 0, 0, 0,      // Block 2x2
6, 4, 6, 0, 0, 0,      // Stairs
0,                   // End

};
